accuracy 78.62%
time: 731.282 [sek.]


start: 2025-04-18 17:34:25.034741354
end  : 2025-04-18 17:46:36.317352042
