accuracy[3]=0.187300
train_time[3]=6.540522
accuracy[6]=0.504300
train_time[6]=3.819212
accuracy[12]=0.724400
train_time[12]=6.070076
accuracy[24]=0.843900
train_time[24]=11.141464
accuracy[48]=0.887600
train_time[48]=22.111534
accuracy[96]=0.929500
train_time[96]=42.873820
accuracy[192]=0.944000
train_time[192]=85.276335
accuracy[384]=0.962900
train_time[384]=169.910537
accuracy[768]=0.969700
train_time[768]=338.915978
accuracy[1536]=0.969500
train_time[1536]=677.096918
