
accuracy =

     1

## Epoch:50, GPU:, loadData:1.325154, createLayers:1.291018, trainTime:313.592937, timeAccuracy:0.907339, accuracy: 1.000000
library[0]="Matlab GPU"
d0[0]=1.325154
d1[0]=1.291018
d2[0]=313.592937/50
d3[0]=0.907339
